               2023 年年度报告


 衍生金融资产
 应收票据                                             832,629.58
 应收账款                       329,742,664.91    439,176,425.31
 应收款项融资                      22,137,734.11     52,854,554.31
 预付款项                        41,181,172.81     54,768,938.57
 应收保费
 应收分保账款
 应收分保合同准备金
 其他应收款                       41,449,944.90     55,127,048.77
 其中：应收利息
    应收股利
 买入返售金融资产
 存货                         336,928,036.77    356,439,994.68
 合同资产
 持有待售资产
 一年内到期的非流动资产                                    54,112,013.91
 其他流动资产                    60,695,501.42        16,578,113.41
  流动资产合计                1,106,329,927.39     1,312,131,880.19
非流动资产：
 发放贷款和垫款
 债权投资
 其他债权投资
 长期应收款
 长期股权投资                       1,582,505.15      1,514,862.06
 其他权益工具投资
 其他非流动金融资产
 投资性房地产                      59,661,692.30     12,285,788.13
 固定资产                       111,531,109.59    120,385,939.32
 在建工程                                             132,656.66
 生产性生物资产
 油气资产
 使用权资产                        3,432,550.83      1,972,361.68
 无形资产                        24,125,357.28     29,540,998.11
 开发支出                                           7,478,056.16
 商誉
 长期待摊费用                          23,090.75          78,508.55
 递延所得税资产                      3,923,066.20       9,491,317.10
 其他非流动资产                                        49,031,790.00
  非流动资产合计                 204,279,372.10       231,912,277.77
   资产总计                 1,310,609,299.49     1,544,044,157.96
流动负债：
 短期借款                         8,808,016.00     47,847,749.34
 向中央银行借款
 拆入资金
 交易性金融负债
 衍生金融负债
 应付票据                        12,436,485.11     34,271,231.54
 应付账款                       214,439,956.69    172,049,610.28
                 66 / 197
