              西安标准工业股份有限公司2025 年年度报告


                     合并利润表
                    2025 年 1—12 月
                                             单位：元 币种：人民币
         项目                    附注     2025 年度        2024 年度
一、营业总收入                              337,238,620.57 446,351,660.77
其中：营业收入                              337,238,620.57 446,351,660.77
     利息收入
     已赚保费
     手续费及佣金收入
二、营业总成本                              415,213,392.13    511,131,102.93
其中：营业成本                              279,754,811.55    365,601,180.82
     利息支出
     手续费及佣金支出
     退保金
     赔付支出净额
     提取保险责任准备金净额
     保单红利支出
     分保费用
     税金及附加                              5,472,546.75     4,709,447.67
     销售费用                              29,569,752.33    32,932,468.96
     管理费用                              94,698,475.82    79,348,784.27
     研发费用                              19,473,361.58    22,720,883.82
     财务费用                             -13,755,555.90     5,818,337.39
     其中：利息费用                            1,511,241.76     1,730,112.38
         利息收入                             517,588.65     1,333,911.44
 加：其他收益                                 2,457,495.66     3,828,898.58
     投资收益（损失以“－”号填列）                    1,002,830.30       609,929.65
     其中：对联营企业和合营企业的投资
                                        -444,486.03       -127,910.48
收益
        以摊余成本计量的金融资产终
止确认收益
     汇兑收益（损失以“－”号填列）
     净敞口套期收益（损失以“-”号填列）
     公允价值变动收益（损失以“－”号
                                        2,098,680.56      4,153,644.44
填列）
     信用减值损失（损失以“-”号填列）                -29,303,240.31    -45,063,480.56
     资产减值损失（损失以“-”号填列）                -62,689,723.80    -61,577,811.86
     资产处置收益（损失以“－”号填列）                  1,384,597.98
三、营业利润（亏损以“－”号填列）                    -163,024,131.17   -162,828,261.91
 加：营业外收入                                  116,488.98        291,709.61
 减：营业外支出                                  793,972.47        938,377.52
四、利润总额（亏损总额以“－”号填列）                  -163,701,614.66   -163,474,929.82
 减：所得税费用                                6,492,016.62      1,972,495.10
五、净利润（净亏损以“－”号填列）                    -170,193,631.28   -165,447,424.92
（一）按经营持续性分类
   1.持续经营净利润（净亏损以“－”号填
                                     -170,193,631.28   -165,447,424.92
列）
   2.终止经营净利润（净亏损以“－”号填

                          64 / 184
